projection:

  camera_model: pinhole

  distortion_model: none
  distortion_coeffs: []

  intrinsics:
    [
      718.8560,   # fx
      718.8560,   # fy
      607.1928,   # cx
      185.2157    # cy
    ]

  resolution: [1242, 375]

  projection_matrix:

    - [718.8560, 0.0,      607.1928, 45.38225]
    - [0.0,      718.8560, 185.2157, -0.1130887]
    - [0.0,      0.0,      1.0,      0.003779761]

  rectification_matrix:

    - [ 0.9999191,  0.01228161, -0.003316013, 0.0 ]
    - [-0.01228209, 0.9999246,  -0.0001245511, 0.0 ]
    - [ 0.003314233,0.0001652686,0.9999945,   0.0 ]
    - [ 0.0,        0.0,         0.0,         1.0 ]

  camera_transform:

    transform_matrix:

      - [ 0.9999788, -0.005008404, -0.004151018,  0.05954406 ]
      - [ 0.004990516, 0.9999783, -0.004308488, -0.0007675338 ]
      - [ 0.004172506, 0.004287682, 0.9999821,   0.003582565 ]
      - [ 0.0,         0.0,         0.0,         1.0 ]

  extrinsic:

    transform_matrix:

      - [ 7.533745e-03, -9.999714e-01, -6.166020e-04, -4.069766e-03 ]
      - [ 1.480249e-02,  7.280733e-04, -9.998902e-01, -7.631618e-02 ]
      - [ 9.998621e-01,  7.523790e-03,  1.480755e-02, -2.717806e-01 ]
      - [ 0.0,           0.0,           0.0,           1.0 ]

  min_distance: 0.5
  max_distance: 120.0

  enable_occlusion: true